563
557
552
542
528
538
541
579
623
667
674
649
596
584
555
839
349
341
843
639
724
384
759
1139
1363
1296
952
409
421
407
770
489
473
296
352
300
383
682
1882
2042
404
1298
330
1350
456
468
914
1324
432
278
385
432
1081
1204
788
593
2049
695
396
255
1325
314
570
441
874
2296
440
738
370
531
670
279
546
665
435
694
1398
2149
1908
1427
480
420
1619
556
548
554
1151
325
329
922
776
663
1537
655
375
749
1935
393
349
743
638
887
738
368
786
521
285
639
370
313
409
521
359
1455
1117
395
327
307
772
766
533
1312
1862
621
370
730
364
368
369
366
369
365
366
366
735
733
368
371
734
367
368
1825
724
364
364
361
360
363
363
362
356
340
2182
359
1072
360
354
356
354
359
354
355
354
1058
350
355
351
1073
354
1056
971
423
351
695
352
349
354
347
350
349
349
350
349
345
352
345
350
351
699
702
698
350
352
699
1056
353
354
349
355
352
356
707
354
701
712
1063
1056
445
267
354
535
534
1340
428
1758
349
356
352
354
351
354
357
348
354
351
353
351
350
350
353
350
351
356
355
355
354
356
1046
698
349
353