671
637
617
610
598
585
555
543
539
529
528
524
524
523
535
528
540
521
519
517
509
507
507
509
503
504
505
504
502
497
498
494
489
486
488
483
473
476
477
471
460
461
462
459
450
449
450
451
445
438
438
435
436
431
428
423
420
420
415
421
421
420
419
412
410
413
411
410
408
409
412
410
407
404
403
403
401
400
401
405
402
404
400
402
400
404
399
399
398
401
398
396
396
397
400
396
397
396
397
401
399
398
395
393
396
395
392
389
389
388
387
384
384
386
383
384
379
382
379
381
380
378
375
374
372
377
375
376
372
374
369
370
373
371
373
369
368
369
370
368
366
364
367
365
362
361
360
362
359
359
358
359
356
358
356
357
355
359
355
358
351
356
356
354
352
353
354
352
353
353
352
350
351
354
355
352
352
354
353
351
352
350
350
353
351
351
347
352
352
354
348
349
350
349
347
348
347
342
349
345
348
346
345
346
346
342
342
340
340
343
344
340
341
343
341
340
341
339
341
343
341
338
339
338
339
342
336
338
338
343
338
337
336
333
339
337
337
337
340
338
337
335
333
338
338
337
337
340
337
335
338
335
336
338
339
336
338
335
336
338
341
337
336
337
333
341
335
338
340
338
339
338
334
338
338
339
335
337
338
335
339
334
336
338
339
335
336
333
337
340
333
334
334
331
338
334
333
334
337
333
332
332
331
335
334
332
332
328
332
336
332
333
331
330
332
332
332
335
332
332
332
331
332
335
332
330
330
328
332
332
332
329
329
327
330
333
330
330
326
328
328
335
329
330
331
329
328
330
329
332
329
330
328
331
327
332
332
330
328
331
329
331
333
331
329
332
328
331
333
336
331
329
332
333
336
330
333
332
331
332
332
331
335
336
335
334
337
334
335
338
339
336
337
335
336
339
338
336
338
334
338
338
337
336
336
336
331
341
334