618
596
592
566
552
537
535
542
559
558
577
532
506
495
486
478
835
397
398
1286
502
497
497
502
991
498
498
987
267
708
481
828
573
464
418
484
444
443
439
434
429
433
474
378
777
391
385
924
409
401
792
396
780
393
388
383
383
382
771
382
1050
320
337
357
372
362
260
381
383
383
384
383
379
384
383
383
383
383
771
1156
387
383
391
387
386
392
394
391
390
392
654
369
348
577
385
383
764
1148
378
375
377
376
373
370
372
371
371
367
366
369
367
365
360
362
365
362
364
358
361
360
361
356
358
354
359
1062
356
709
354
353
355
586
1175
343
352
351
351
345
349
292
409
693
349
349
349
349
688
348
347
344
334
703
344
343
349
345
346
341
1035
344
343
348
341
341
344
343
342
341
340
339
341
341
340
341
337
343
340
338
339
343
338
339
336
338
678
681
340
340
342
337
337
341
341
339
341
338
341
341
335
341
343
341
341
343
342
344
341
338
689
341
340
346
342
339
343
688
342
340
342
343
340
340
345
343
339
339
344
341
342
341
344
341
339
338
344
339
341
341
339
345
338
341
338
338
341
338
336
335
338
337
337
338
335
338
337
337
335
335
339
334
334
334
336
337
336
336
334
340
335
334
337
339
338
332
333
342
335
338
333
332
343
336
337
336
339
334
332
338
336
335
332
332
339
336
333
332
338
333
334
334
333
338
335
331
339
334
337
334
331
339
335
336
334
332
336
334
337
334
332
341
333
335
334
337
337
332
333
340
336
334
332
340
335
336
334
336
337
334
334
334
337
335
334
331
334
336
334
333
332
334
333
334
329
330
333
333
331
330
330
332
333
333
328
329
332
332
330
329
325
337
331
330
328
328
334
329
328
326
331