549
547
530
526
519
515
510
505
501
500
510
522
547
1120
625
316
581
865
1030
719
336
486
1210
797
434
1632
438
410
530
577
406
1467
992
720
1448
613
478
867
1123
1962
832
1035
3450
1020
586
1871
495
490
494
707
277
490
489
337
781
363
482
481
482
958
475
390
560
950
473
481
479
954
478
1910
466
469
462
464
465
458
794
1516
926
432
462
451
454
455
447
447
2707
380
4117
445
446
286
602
400
486
895
1567
648
896
425
1046
323
766
499
442
2037
1012
1318
876
270
604
407
479
447
450
454
451
264
408
567
573
451
617
297
453
317
585
476
420
887
899
890
440
441
439
441
1303
439
432
432
437
351
1105
321
400
438
438
437
329
297
256
1949
636
2146
425
854
869
428
854
431
426
855
323
532
432
430
424
429
428
428
423
1663
679
933
482
416
422
417
276
558
416
418
414
419
423
415
414
414
416
419
413
417
418
418
415
415
833
526
722
414
418
832
961
278
416
813
416
415
417
415
413
413
416
414
413
268
995
424
423
426
428
261
469
994
435
860
431
1716
430
429
2106