490
492
484
481
477
470
466
456
544
867
324
610
295
653
539
385
336
288
338
578
977
527
2007
690
292
1516
981
1417
393
1111
342
896
1187
367
608
353
763
758
697
525
573
356
1237
261
1099
775
513
317
655
609
1923
776
1021
845
806
759
259
629
331
364
528
1563
293
381
555
749
293
693
558
1653
557
1013
2032
424
328
911
314
324
641
2547
884
1226
891
627
896
293
326
296
3043
1437
311
1635
1007
338
673
1011
338
337
338
337
334
337
336
336
336
336
333
339
667
335
330
669
663
275
392
338
332
329
338
329
332
337
327
336
662
335
328
330
336
330
333
335
332
332
334
331
335
336
331
331
665
675
332
333
337
331
338
672
335
335
1001
338
334
332
338
333
334
334
334
333
340
327
332
338
329
332
335
331
999
336
284
382
333
337
328
336
335
332
332
338
328
335
334
337
334
334
334
334
335
332
335
335
334
334
334
329
334
336
331
334
336
329
331
337
327
337
334
330
330
333
328
335
333
331
330
338
330
331
337
332
328
334
330
329
333
328
334
334
326
333
334
330
326
336
323
334
328
329
331
328
326
657
331
331
330
328
331
328
328
332
330
327
332
330
328
334
330
327
335
330
330
328
333
331
330
331
330
331
333
331
331
335
329
336
333
329
332
338
327
336
335
327
331
333
331
327
337
327
337
991
335
330
326
658
344
662
335
335
330
328
337
331
329
331
335
336
332
337
334
337
331
338
338
337
334
337
341
340
338
343