706
735
737
688
695
639
612
567
414
640
572
535
534
527
537
534
548
546
550
557
570
562
575
579
582
568
564
566
565
555
549
546
543
536
535
551
539
529
521
520
514
512
510
508
352
664
512
513
523
516
519
522
520
516
520
524
526
519
523
525
525
511
542
519
509
504
504
1494
507
507
512
514
529
515
500
521
484
488
489
480
474
470
478
468
463
467
466
461
457
458
459
458
452
459
455
456
457
467
465
463
465
471
475
473
474
479
483
484
479
482
486
490
498
498
488
488
483
474
464
471
472
466
472
473
477
480
479
472
477
474
465
459
459
460
462
454
452
450
452
449
443
441
443
447
441
438
439
444
443
436
436
439
438
438
432
433
435
436
430
430
432
431
429
426
430
427
423
426
430
429
428
425
428
425
428
428
421
427
426
429
426
432
432
432
430
433
432
423
433
433
435
432
431
433
430
427
431
432
430
430
428
428
427
422
426
424
424
422
412
421
420
417
413
414
420
421
423
419
415
413
417
422
418
416
415
419
420
417
417
419
424
425
425
423
415
415
408
419
418
413
413
417
416
408
417
419
419
416
431
437
440
438