625
629
640
665
664
674
689
680
630
633
585
572
563
554
551
546
542
543
535
539
532
538
527
528
533
520
519
515
516
508
505
505
502
500
493
487
487
486
481
481
473
471
477
471
465
460
463
464
461
458
462
458
460
458
458
459
461
460
459
456
458
456
452
452
452
451
453
447
446
900
447
442
444
445
447
448
439
439
441
447
443
442
438
432
434
438
440
436
433
431
425
435
434
437
432
433
430
425
432
427
423
427
425
430
428
423
423
425
427
423
424
429
426
427
420
424
421
421
423
413
416
413
417
415
415
415
420
418
413
413
416
413
415
408
409
409
406
410
407
410
408
408
407
410
409
410
407
403
407
406
405
408
400
411
410
409
405
406
407
411
409
408
410
412
412
411
406
404
404
405
405
396
399
401
400
396
1187
396
395
390
392
390
396
392
389
389
390
392
391
387
392
390
396
391
393
393
397
395
393
390
391
389
394
394
392
390
393
393
395
390
392
391
390
390
388
392
391
390
393
391
392
390
390
389
388
384
384
387
387
380
383
383
384
379
379
380
375
383
381
382
377
380
386
377
376
379
380
379
375
374
374
373
376
372
377
377
374
368
371
371
372
372
370
369
366
368
372
371
740
372
376
370
379
756
374
752
379
377
374
374
374
371
376
377
375
371
373
376
374
378
377
380
375
379
384
378
376
377
380
379
376
373
371
376
373
374
372
370
373
371
375
374
380
375
374
377
378
377
371
372
375
374
374
373
370
374
371
379
373
375
373
377
377
375
371
374
374
374
374
373
370
372
371
372
375
369
378
374
371
371
373
374
374
367
370
373
371
369
368
368
364
375