613
639
680
680
686
692
708
675
645
624
590
853
1591
400
788
786
801
387
368
397
429
392
3274
785
5206
753
494
494
489
486
486
486
962
480
509
768
642
484
478
480
478
432
335
371
298
865
544
466
918
471
276
381
367
733
375
394
753
365
349
382
365
1093
2509
434
880
375
360
347
637
864
851
288
563
426
419
853
418
342
502
253
587
419
420
838
417
412
411
413
417
411
410
405
412
408
405
405
412
402
403
404
403
270
307
1160
400
301
3962
395
397
879
323
757
799
399
399
395
396
397
399
396
1554
812
711
473
391
395
393
396
392
391
394
398
400
395
396
399
400
394
793
394
399
396
1174
1501
353
491
390
391
389
791
390
388
392
387
390
385
385
384
387
384
385
377
380
381
383
380
375
375
379
377
372
374
749
747
370
371
374
738
363
371
368
366
366
363
1090
363
361
362
362
361
360
359
363
361
361
359
360
363
1444
358
365
366
360
364
362
364
365
734
364
369
369
367
366
370
372
366
368
371
369
369
366
370
369
368
364
1826
365
368
365
370
364
368
365
369
365
361
363
363
367
721
364
365
364
365
729
365
366
1078
362
360
357
356
359
357
357
353
351
354
355
1404
354
350
349
345
352
350
348
345
275
1108
1045
346
343
345
346
345
684
342
341
342
350
336
341
347
342
341
338
345