918
876
882
822
791
675
587
541
529
523
508
511
506
486
483
477
478
471
465
468
463
450
455
448
446
440
438
439
432
427
426
423
428
425
410
413
412
413
406
404
400
398
396
398
398
399
391
390
390
392
392
390
387
388
391
385
385
384
385
386
383
380
385
383
378
377
377
377
375
375
378
378
373
376
373
375
376
372
369
374
368
368
372
371
370
370
370
365
368
366
367
364
363
361
361
362
360
357
360
358
359
354
356
354
356
352
353
354
354
348
351
350
355
349
350
701
351
349
352
351
351
354
348
352
347
350
347
348
348
346
349
348
346
347
348
343
350
344
348
346
348
345
346
346
349
346
346
346
347
346
346
344
343
344
345
345
342
345
343
341
343
343
342
339
340
341
338
334
337
342
336
336
338
339
336
335
338
332
334
333
330
334
332
331
332
335
331
329
330
327
327
330
331
327
331
331
331
327
325
333
326
330
323
330
328
328
325
326
328
326
325
327
329
328
328
325
327
325
325
321
323
331
325
323
323
321
327
323
322
328
326
324
320
323
320
329
322
324
325
326
323
323
317
327
326
322
322
326
325
322
319
322
327
320
323
326
322
321
319
318
328
321
322
324
322
323
317
320
324
320
321
323
320
321
320
320
324
321
316
317
318
324
320
321
315
322
317
318
324
319
318
318
315
324
316
320
320
321
316
313
319
320
316
318
322
317
314
316
321
322
315
319
320
316
321
314
320
319
319
319
313
321
322
319
317
323
318
319
316
321
323
316
321
319
316
321
317
319
321
324
318
321
317
322
316
317
321
320
318
319
317
324
314
318
320
318
315
323
316
316
315
317
319
315
318
319
319
317
311
320
317
314
313
323
315
313
313
315
317
313
316
318
313
317
311
314
316
319
314
312
315
314
317
313
318
315
315
312
313
316
317
315
315
311
319
317
313
313
319
314
317
314
313
320
319
315
314
314
321
315
316
318
312
322
310
319
320
318
318
309
321
318
318
317
316
320
317
316