557
551
540
532
551
544
540
549
551
563
582
584
586
558
563
527
513
1486
750
272
300
603
634
1257
567
1584
291
4633
966
428
559
696
417
2113
716
286
385
525
790
287
300
331
635
630
533
383
1057
471
380
380
758
1692
358
919
730
367
730
726
358
357
355
717
353
360
706
353
358
354
354
355
352
353
355
355
352
354
354
354
702
708
704
354
350
707
703
350
351
352
353
354
345
349
350
352
349
346
347
351
348
349
348
349
350
348
349
348
347
342
353
350
345
349
349
344
347
347
345
345
345
347
346
343
344
344
342
342
344
344
344
340
343
344
341
343
345
346
342
343
343
344
341
347
343
346
345
346
686
342
346
341
344
342
344
343
343
343
345
345
342
343
345
347
343
351
349
347
346
352
350
349
348
353
353
350
350
351
352
351
349
348
349
346
349
347
345
347
347
343
344
346
346
342
344
343
343
345
344
342
342
344
344
343
342
346
346
345
341
344
345
345
342
341
346
344
342
341
344
344
343
342
343
344
344
342
345
347
340
339
345
341
342
340
339
342
341
337
337
342
339
337
333
342
337
336
334
339
339
334
338
338
336
335
336
334
334
338
335
332
333
336
332
331
331
337
332
331
330
333
337
330
331
333
336
332
330
331
335
331
329
326
333
333
331
328
328
334
332
330
328
334
334
327
333
331
336
331
330
329
333
333
334
330
330
332
336
331
333
329
332
335
334
332
332
333
335
334
331
334
332
335
336
333
333
332
333
340
333
334
332
335
335
334
335
332
337
334
337
334
336
338
337
336
334
334
338
334
335
333
333
337
335
335
333
338
335
334
334
336
339
335
334
336
337
336
336
336
338
335
335
334
337