525
518
502
493
486
487
480
474
479
472
464
898
449
441
443
447
443
443
428
441
448
445
444
444
440
448
448
452
440
437
440
445
442
441
440
438
444
444
448
450
444
440
442
446
440
440
438
442
443
438
440
439
431
434
434
436
438
432
426
425
425
425
427
426
425
424
421
422
421
416
416
420
416
420
416
415
415
412
410
411
410
412
412
406
403
401
399
400
401
407
406
403
405
405
398
399
400
406
398
400
396
398
396
402
396
395
392
396
396
388
389
395
782
388
386
386
387
386
382
383
386
380
386
382
379
383
381
380
381
384
382
379
382
384
383
381
374
380
379
756
374
377
380
373
373
372
377
374
375
372
372
747
365
369
372
369
370
369
368
371
368
367
369
370
367
367
369
369
370
368
368
368
366
367
369
369
368
367
371
370
371
372
376
375
372
375
370
380
371
370
374
374
374
373
373
376
373
369
374
371
372
369
371
371
371
369
374
369
370
370
374
370
370
368
371
371
369
365
371
369
373
369
371
367
375
363
372
367
375
366
366
368
370
366
371
365
371
364
368
365
369
365
366
364
368
368
366
367
367
369
366
368
369
368
364
364
367
366
361
364
364
362
361
362
364
355
364
362
359
357
358
357
358
356
358
358
357
360
358
357
356
360
354
358
355
356
357
354
360
354
358
355
358
354
356
356
355
706
353
357
355
358
354
357
357
353
355
356
358
355
355
356
358
354
354
355
354
353
353
354
355
353
354
354
354
354
352
358
354
353
351
355
351
353
350
354
354
354
353
354
355
351
352
354
356
353
353
353
354
353
354
354
353
354
353
354
350
358
350
352
352
353
347
355
353
352
353
354
353
354
352
354
353
350
354
354
350
352
353
347
352
351
354
353
350
353
352
356
350
351
348
353
352
354
348