462
457
451
445
438
435
434
431
427
428
433
438
443
453
470
468
473
488
494
489
491
485
492
483
479
471
466
463
457
455
450
442
439
436
428
427
420
426
430
418
404
410
410
420
414
413
406
403
408
403
403
408
410
405
414
409
409
413
412
409
410
405
406
405
402
398
406
396
397
399
397
395
400
394
389
391
394
385
382
387
390
383
378
383
381
371
379
375
372
372
367
371
368
369
372
356
362
361
360
359
360
358
356
352
354
350
350
352
351
347
348
347
348
342
345
343
346
338
344
339
340
340
344
335
340
340
341
337
338
338
333
337
338
333
333
338
336
332
339
331
335
335
339
333
334
338
333
333
337
331
337
335
335
337
338
335
338
336
341
337
340
340
341
337
339
340
334
338
338
335
339
337
331
335
332
333
332
336
330
334
333
329
329
335
329
332
332
329
329
333
333
325
332
330
329
329
332
325
328
329
327
331
328
320
330
326
325
323
328
327
326
328
326
319
330
327
322
323
330
321
325
329
322
649
319
325
326
322
327
326
323
326
327
322
323
326
322
326
326
322
323
325
326
324
323
327
321
322
326
325
323
326
322
324
324
327
322
325
327
645
327
323
324
324
323
322
326
326
322
324
325
325
325
325
326
326
325
325
324
327
325
327
650
325
327
323
323
328
324
323
326
325
321
325
322
325
324
321
327
322
321
327
321
322
322
325
319
322
324
321
321
326
320
322
327
322
321
322
323
322
322
323
319
324
322
323
322
321
321
325
322
319
320
322
325
318
325
318
319
323
320
318
320
325
319
319
324
319
322
322
321
319
321
325
318
317
323
316
319
323
318
319
325
318
320
320
324
322
319
314
328
313
320
323
316
321
321
319
319
323
319
320
323
319
319
320
316
318
324
317
322
322
320
321
321
319
322
323
321
320
323
320
320
321
322
319
320
322
319
324
326
315
319
325
320
318
323
640
320
322
320
319
646
318
322
321
321
324
320
322
322