417
415
419
419
420
422
425
423
420
419
416
413
416
413
414
412
413
414
403
410
409
413
416
416
424
435
449
451
452
458
454
459
462
464
457
457
459
452
450
448
447
445
445
441
443
445
444
443
440
448
447
450
447
446
447
441
444
435
438
438
438
431
432
430
432
434
431
433
432
428
428
429
433
426
426
424
422
426
421
423
427
422
426
430
429
420
426
429
429
422
427
431
427
426
427
426
429
427
429
428
430
427
430
428
428
424
425
430
433
433
427
430
432
432
435
434
435
432
434
437
438
438
439
437
433
436
431
437
433
427
428
427
429
425
424
428
426
432
432
430
429
432
438
436
446
440
453
450
439
443
438
450
446
446
444
442
438
433
433
426
432
429
426
428
435
429
429
431
430
432
433
438
430
428
430
428
427
425
428
426
426
428
426
430
424
425
428
422
426
426
432
429
424
423
424
423
421
421
417
418
422
418
423
423
425
420
419
419
419
418
415
412
418
408
411
408
410
411
411
415
416
415
416
417
422
420
430
425
429
426
418
418
413
414
411
411
414
409
415
408
414
413
411
413
418
417
423
419
417
418
423
415
416
418
418
424
415
416
418
417
418
421
421
419
415
413
413
414
416
417
411
412
412
421
417
415
414
416
418
420
419
416
410
408
412
406
409
406
407
408
404
409
407
406
404
405
409
410
409
409
408
408
406
406
406
405
408
404
405
405
407
406
408
412
415
414
414
412
414
410
411
409
411
412
411
414
415
415
418
416
423
418
424
421
422
426
425
423
422
420
423
418
419
416
417
417
411
414
415
417
419
417
415
415
419
416
418
415
418
418
417
420